(0, 4, 10)
(1, 4, 20)
(2, 4, 20)
(3, 5, 20)
(4, 6, 19)
(5, 7, 18)
(6, 7, 17)
(7, 7, 17)
(8, 7, 17)
(9, 7, 17)
(10, 9, 17)
(11, 9, 15)
(12, 9, 15)
(13, 9, 15)
(14, 9, 15)
(15, 9, 15)
(16, 11, 15)
(17, 11, 13)
(18, 11, 13)
(19, 13, 13)
(20, 13, 11)
(21, 13, 11)
(22, 13, 11)
(23, 13, 11)
(24, 13, 11)
(25, 14, 11)
(26, 17, 10)
(27, 17, 7)
(28, 17, 7)
(29, 17, 7)
(30, 17, 7)
(31, 17, 7)
(32, 17, 7)
(33, 17, 7)
(34, 17, 7)
(35, 17, 7)
(36, 17, 7)
(37, 18, 7)
(38, 18, 6)
(39, 18, 6)
(40, 18, 6)
(41, 18, 6)
(42, 18, 6)
(43, 18, 6)
(44, 18, 6)
(45, 18, 6)
(46, 18, 6)
(47, 18, 6)
(48, 18, 6)
(49, 18, 6)
(50, 18, 6)
(51, 18, 6)
(52, 18, 6)
(53, 18, 6)
(54, 18, 6)
(55, 20, 6)
(56, 20, 4)
(57, 20, 4)
(58, 20, 4)
(59, 20, 4)
(60, 20, 4)
(61, 20, 4)
(62, 20, 4)
(63, 20, 4)
(64, 22, 4)
(65, 22, 2)
(66, 22, 2)
(67, 22, 2)
(68, 22, 2)
(69, 22, 2)
(70, 22, 2)
(71, 22, 2)
(72, 22, 2)
(73, 22, 2)
(74, 22, 2)
(75, 22, 2)
(76, 22, 2)
(77, 22, 2)
(78, 22, 2)
(79, 22, 2)
(80, 22, 2)
(81, 22, 2)
(82, 22, 2)
(83, 22, 2)
(84, 22, 2)
(85, 22, 2)
(86, 22, 2)
(87, 22, 2)
(88, 22, 2)
(89, 22, 2)
(90, 22, 2)
(91, 22, 2)
(92, 22, 2)
(93, 22, 2)
(94, 22, 2)
(95, 22, 2)
(96, 22, 2)
(97, 23, 2)
(98, 23, 1)
(99, 23, 1)
(100, 23, 1)
(101, 23, 1)
(102, 23, 1)
(103, 23, 1)
(104, 23, 1)
(105, 23, 1)
[['i', 'i', 'i', 'i', 's', 's', 'i', 'i', 'i', 'i'], ['i', 'd', 'd', 'd', 'h', 'h', 'g', 'g', 'g', 'i'], ['i', 'i', 'i', 'i', 'g', 'b', 'i', 'i', 'i', 'i'], ['i', 'd', 'd', 'd', 'b', 'g', 'g', 'g', 'g', 'i'], ['i', 'i', 'i', 'i', 'd', 'b', 'i', 'i', 'i', 'i'], ['i', 'd', 'd', 'd', 'b', 'g', 'g', 'g', 'g', 'i'], ['i', 'i', 'i', 'i', 'b', 'b', 'i', 'i', 'i', 'i'], ['i', 'd', 'd', 'd', 'b', 'b', 'g', 'g', 'g', 'i'], ['i', 'i', 'i', 'i', 'b', 'b', 'i', 'i', 'i', 'i'], ['i', 'i', 'i', 'i', 's', 's', 'i', 'i', 'i', 'i']]