(0, 2, 10)
(1, 2, 22)
(2, 2, 22)
(3, 2, 22)
(4, 2, 22)
(5, 4, 22)
(6, 4, 20)
(7, 4, 20)
(8, 4, 20)
(9, 4, 20)
(10, 5, 20)
(11, 5, 19)
(12, 6, 19)
(13, 6, 18)
(14, 6, 18)
(15, 6, 18)
(16, 7, 18)
(17, 7, 17)
(18, 9, 17)
(19, 9, 15)
(20, 9, 15)
(21, 9, 15)
(22, 10, 15)
(23, 10, 14)
(24, 10, 14)
(25, 10, 14)
(26, 10, 14)
(27, 10, 14)
(28, 10, 14)
(29, 10, 14)
(30, 10, 14)
(31, 10, 14)
(32, 10, 14)
(33, 10, 14)
(34, 10, 14)
(35, 10, 14)
(36, 11, 14)
(37, 11, 13)
(38, 11, 13)
(39, 11, 13)
(40, 11, 13)
(41, 11, 13)
(42, 11, 13)
(43, 11, 13)
(44, 11, 13)
(45, 11, 13)
(46, 11, 13)
(47, 11, 13)
(48, 11, 13)
(49, 11, 13)
(50, 11, 13)
(51, 11, 13)
(52, 11, 13)
(53, 11, 13)
(54, 11, 13)
(55, 11, 13)
(56, 12, 13)
(57, 12, 12)
(58, 12, 12)
(59, 12, 12)
(60, 12, 12)
(61, 12, 12)
(62, 12, 12)
(63, 12, 12)
(64, 12, 12)
(65, 12, 12)
(66, 12, 12)
(67, 12, 12)
(68, 12, 12)
(69, 12, 12)
(70, 12, 12)
(71, 12, 12)
(72, 12, 12)
(73, 12, 12)
(74, 13, 12)
(75, 13, 11)
(76, 13, 11)
(77, 15, 11)
(78, 15, 9)
(79, 15, 9)
(80, 15, 9)
(81, 15, 9)
(82, 15, 9)
(83, 15, 9)
(84, 15, 9)
(85, 15, 9)
(86, 15, 9)
(87, 15, 9)
(88, 15, 9)
(89, 15, 9)
(90, 15, 9)
(91, 15, 9)
(92, 15, 9)
(93, 15, 9)
(94, 15, 9)
(95, 15, 9)
(96, 15, 9)
(97, 15, 9)
(98, 15, 9)
(99, 15, 9)
(100, 15, 9)
(101, 15, 9)
(102, 15, 9)
(103, 15, 9)
(104, 15, 9)
(105, 15, 9)
(106, 15, 9)
(107, 15, 9)
(108, 15, 9)
(109, 15, 9)
(110, 15, 9)
(111, 15, 9)
(112, 15, 9)
(113, 15, 9)
(114, 15, 9)
(115, 15, 9)
(116, 15, 9)
(117, 15, 9)
(118, 15, 9)
(119, 16, 9)
(120, 16, 8)
(121, 16, 8)
(122, 16, 8)
(123, 16, 8)
(124, 16, 8)
(125, 16, 8)
(126, 16, 8)
(127, 16, 8)
(128, 16, 8)
(129, 16, 8)
(130, 16, 8)
(131, 16, 8)
(132, 16, 8)
(133, 16, 8)
(134, 16, 8)
(135, 16, 8)
(136, 16, 8)
(137, 16, 8)
(138, 16, 8)
(139, 16, 8)
(140, 16, 8)
(141, 17, 8)
(142, 17, 7)
(143, 17, 7)
(144, 17, 7)
(145, 17, 7)
(146, 17, 7)
(147, 17, 7)
(148, 17, 7)
(149, 17, 7)
(150, 17, 7)
(151, 17, 7)
(152, 17, 7)
(153, 17, 7)
(154, 17, 7)
(155, 17, 7)
(156, 17, 7)
(157, 17, 7)
(158, 17, 7)
(159, 18, 7)
(160, 18, 6)
(161, 18, 6)
(162, 20, 6)
(163, 20, 4)
(164, 20, 4)
(165, 20, 4)
(166, 20, 4)
(167, 20, 4)
(168, 20, 4)
(169, 20, 4)
(170, 20, 4)
(171, 20, 4)
(172, 20, 4)
(173, 20, 4)
(174, 20, 4)
(175, 20, 4)
(176, 20, 4)
(177, 20, 4)
(178, 20, 4)
(179, 20, 4)
(180, 20, 4)
(181, 21, 4)
(182, 21, 3)
(183, 21, 3)
(184, 21, 3)
(185, 21, 3)
(186, 21, 3)
(187, 21, 3)
(188, 21, 3)
(189, 21, 3)
(190, 21, 3)
(191, 21, 3)
(192, 21, 3)
(193, 21, 3)
(194, 21, 3)
(195, 21, 3)
(196, 21, 3)
(197, 21, 3)
(198, 22, 3)
(199, 22, 2)
(200, 22, 2)
(201, 22, 2)
(202, 22, 2)
(203, 22, 2)
(204, 22, 2)
(205, 22, 2)
(206, 22, 2)
(207, 22, 2)
(208, 22, 2)
(209, 22, 2)
(210, 22, 2)
(211, 22, 2)
(212, 22, 2)
(213, 22, 2)
(214, 22, 2)
(215, 22, 2)
(216, 22, 2)
(217, 22, 2)
(218, 22, 2)
(219, 22, 2)
(220, 22, 2)
(221, 22, 2)
(222, 22, 2)
(223, 22, 2)
(224, 22, 2)
(225, 22, 2)
(226, 22, 2)
(227, 22, 2)
(228, 22, 2)
(229, 22, 2)
(230, 22, 2)
(231, 22, 2)
(232, 22, 2)
(233, 22, 2)
(234, 23, 2)
(235, 23, 1)
(236, 23, 1)
(237, 23, 1)
(238, 23, 1)
(239, 23, 1)
(240, 23, 1)
(241, 23, 1)
(242, 23, 1)
(243, 23, 1)
(244, 23, 1)
(245, 23, 1)
(246, 23, 1)
(247, 23, 1)
(248, 23, 1)
(249, 23, 1)
(250, 23, 1)
(251, 23, 1)
(252, 23, 1)
(253, 23, 1)
(254, 23, 1)
(255, 23, 1)
(256, 23, 1)
(257, 23, 1)
(258, 23, 1)
(259, 23, 1)
(260, 23, 1)
(261, 23, 1)
(262, 23, 1)
(263, 23, 1)
(264, 23, 1)
(265, 23, 1)
(266, 23, 1)
(267, 23, 1)
(268, 23, 1)
(269, 23, 1)
(270, 23, 1)
(271, 23, 1)
(272, 23, 1)
(273, 23, 1)
(274, 23, 1)
(275, 23, 1)
(276, 23, 1)
(277, 23, 1)
(278, 23, 1)
(279, 23, 1)
(280, 23, 1)
(281, 23, 1)
(282, 23, 1)
(283, 23, 1)
(284, 23, 1)
(285, 23, 1)
(286, 23, 1)
(287, 23, 1)
(288, 23, 1)
(289, 23, 1)
(290, 23, 1)
(291, 23, 1)
(292, 23, 1)
(293, 23, 1)
(294, 23, 1)
(295, 23, 1)
(296, 23, 1)
(297, 23, 1)
(298, 23, 1)
(299, 23, 1)
(300, 23, 1)
(301, 23, 1)
(302, 23, 1)
(303, 23, 1)
(304, 23, 1)
(305, 23, 1)
(306, 23, 1)
(307, 23, 1)
(308, 23, 1)
(309, 23, 1)
(310, 23, 1)
(311, 23, 1)
(312, 23, 1)
(313, 23, 1)
(314, 23, 1)
(315, 23, 1)
(316, 23, 1)
(317, 23, 1)
(318, 23, 1)
(319, 23, 1)
(320, 23, 1)
(321, 23, 1)
(322, 23, 1)
(323, 23, 1)
(324, 23, 1)
(325, 23, 1)
(326, 23, 1)
(327, 23, 1)
(328, 23, 1)
(329, 23, 1)
(330, 23, 1)
(331, 23, 1)
(332, 23, 1)
(333, 23, 1)
(334, 23, 1)
(335, 23, 1)
(336, 23, 1)
(337, 23, 1)
(338, 23, 1)
(339, 23, 1)
(340, 23, 1)
(341, 23, 1)
(342, 23, 1)
[['i', 'i', 'i', 'i', 'i', 'i', 'i', 'i', 'i', 'i'], ['i', 'd', 'd', 'd', 'd', 'b', 'g', 'g', 'g', 'i'], ['i', 'i', 'i', 'i', 'd', 'b', 'i', 'i', 'i', 'i'], ['i', 'd', 'd', 'd', 'd', 'b', 'g', 'g', 'g', 'i'], ['i', 'i', 'i', 'i', 'b', 'b', 'i', 'i', 'i', 'i'], ['i', 'd', 'd', 'd', 'b', 'g', 'g', 'g', 'g', 'i'], ['i', 'i', 'i', 'i', 'b', 'h', 'i', 'i', 'i', 'i'], ['i', 'd', 'd', 'd', 'b', 'b', 'g', 'g', 'g', 'i'], ['i', 'i', 'i', 'i', 'b', 'b', 'i', 'i', 'i', 'i'], ['i', 'i', 'i', 'i', 's', 's', 'i', 'i', 'i', 'i']]