(0, 2, 10)
(1, 2, 22)
(2, 2, 22)
(3, 2, 22)
(4, 2, 22)
(5, 2, 22)
(6, 4, 22)
(7, 4, 20)
(8, 4, 20)
(9, 4, 20)
(10, 5, 20)
(11, 5, 19)
(12, 5, 19)
(13, 5, 19)
(14, 5, 19)
(15, 5, 19)
(16, 5, 19)
(17, 5, 19)
(18, 5, 19)
(19, 6, 19)
(20, 6, 18)
(21, 6, 18)
(22, 6, 18)
(23, 6, 18)
(24, 6, 18)
(25, 7, 18)
(26, 7, 17)
(27, 7, 17)
(28, 7, 17)
(29, 8, 17)
(30, 9, 16)
(31, 9, 15)
(32, 9, 15)
(33, 9, 15)
(34, 9, 15)
(35, 9, 15)
(36, 9, 15)
(37, 9, 15)
(38, 10, 15)
(39, 10, 14)
(40, 10, 14)
(41, 10, 14)
(42, 10, 14)
(43, 11, 14)
(44, 11, 13)
(45, 11, 13)
(46, 11, 13)
(47, 11, 13)
(48, 11, 13)
(49, 12, 13)
(50, 12, 12)
(51, 12, 12)
(52, 13, 12)
(53, 13, 11)
(54, 14, 11)
(55, 14, 10)
(56, 14, 10)
(57, 14, 10)
(58, 14, 10)
(59, 14, 10)
(60, 14, 10)
(61, 15, 10)
(62, 15, 9)
(63, 15, 9)
(64, 15, 9)
(65, 15, 9)
(66, 15, 9)
(67, 15, 9)
(68, 15, 9)
(69, 15, 9)
(70, 15, 9)
(71, 15, 9)
(72, 15, 9)
(73, 15, 9)
(74, 15, 9)
(75, 15, 9)
(76, 15, 9)
(77, 15, 9)
(78, 15, 9)
(79, 15, 9)
(80, 15, 9)
(81, 15, 9)
(82, 15, 9)
(83, 15, 9)
(84, 15, 9)
(85, 15, 9)
(86, 15, 9)
(87, 15, 9)
(88, 17, 9)
(89, 17, 7)
(90, 17, 7)
(91, 17, 7)
(92, 17, 7)
(93, 17, 7)
(94, 17, 7)
(95, 18, 7)
(96, 18, 6)
(97, 18, 6)
(98, 18, 6)
(99, 18, 6)
(100, 18, 6)
(101, 18, 6)
(102, 18, 6)
(103, 18, 6)
(104, 18, 6)
(105, 18, 6)
(106, 18, 6)
(107, 18, 6)
(108, 18, 6)
(109, 18, 6)
(110, 18, 6)
(111, 18, 6)
(112, 18, 6)
(113, 18, 6)
(114, 18, 6)
(115, 18, 6)
(116, 18, 6)
(117, 18, 6)
(118, 18, 6)
(119, 18, 6)
(120, 18, 6)
(121, 18, 6)
(122, 18, 6)
(123, 18, 6)
(124, 18, 6)
(125, 18, 6)
(126, 18, 6)
(127, 18, 6)
(128, 18, 6)
(129, 18, 6)
(130, 18, 6)
(131, 18, 6)
(132, 18, 6)
(133, 18, 6)
(134, 18, 6)
(135, 18, 6)
(136, 18, 6)
(137, 18, 6)
(138, 18, 6)
(139, 18, 6)
(140, 18, 6)
(141, 18, 6)
(142, 18, 6)
(143, 18, 6)
(144, 18, 6)
(145, 18, 6)
(146, 18, 6)
(147, 18, 6)
(148, 18, 6)
(149, 18, 6)
(150, 18, 6)
(151, 18, 6)
(152, 18, 6)
(153, 18, 6)
(154, 18, 6)
(155, 18, 6)
(156, 18, 6)
(157, 18, 6)
(158, 18, 6)
(159, 18, 6)
(160, 20, 6)
(161, 20, 4)
(162, 20, 4)
(163, 20, 4)
(164, 20, 4)
(165, 20, 4)
(166, 20, 4)
(167, 20, 4)
(168, 20, 4)
(169, 20, 4)
(170, 20, 4)
(171, 20, 4)
(172, 20, 4)
(173, 20, 4)
(174, 20, 4)
(175, 20, 4)
(176, 20, 4)
(177, 20, 4)
(178, 20, 4)
(179, 20, 4)
(180, 20, 4)
(181, 20, 4)
(182, 20, 4)
(183, 20, 4)
(184, 20, 4)
(185, 20, 4)
(186, 20, 4)
(187, 20, 4)
(188, 20, 4)
(189, 20, 4)
(190, 20, 4)
(191, 20, 4)
(192, 20, 4)
(193, 20, 4)
(194, 20, 4)
(195, 20, 4)
(196, 21, 4)
(197, 21, 3)
(198, 21, 3)
(199, 21, 3)
(200, 21, 3)
(201, 21, 3)
(202, 21, 3)
(203, 21, 3)
(204, 21, 3)
(205, 21, 3)
(206, 21, 3)
(207, 21, 3)
(208, 21, 3)
(209, 21, 3)
(210, 21, 3)
(211, 21, 3)
(212, 21, 3)
(213, 21, 3)
(214, 21, 3)
(215, 21, 3)
(216, 21, 3)
(217, 21, 3)
(218, 21, 3)
(219, 21, 3)
(220, 21, 3)
(221, 21, 3)
(222, 21, 3)
(223, 21, 3)
(224, 21, 3)
(225, 21, 3)
(226, 21, 3)
(227, 21, 3)
(228, 21, 3)
(229, 21, 3)
(230, 21, 3)
(231, 22, 3)
(232, 22, 2)
(233, 22, 2)
(234, 22, 2)
(235, 22, 2)
(236, 22, 2)
(237, 22, 2)
(238, 22, 2)
(239, 22, 2)
(240, 22, 2)
(241, 22, 2)
(242, 22, 2)
(243, 22, 2)
(244, 22, 2)
(245, 22, 2)
(246, 22, 2)
(247, 22, 2)
(248, 22, 2)
[['i', 'i', 'i', 'i', 'i', 'i', 'i', 'i', 'i', 'i'], ['i', 'd', 'd', 'd', 'b', 'g', 'g', 'g', 'g', 'i'], ['i', 'i', 'i', 'i', 'd', 'b', 'i', 'i', 'i', 'i'], ['i', 'd', 'd', 'd', 'b', 'b', 'g', 'g', 'g', 'i'], ['i', 'i', 'i', 'i', 'b', 'b', 'i', 'i', 'i', 'i'], ['i', 'd', 'd', 'd', 'd', 'b', 'g', 'g', 'g', 'i'], ['i', 'i', 'i', 'i', 'g', 'b', 'i', 'i', 'i', 'i'], ['i', 'd', 'd', 'd', 'd', 'b', 'g', 'g', 'g', 'i'], ['i', 'i', 'i', 'i', 'd', 'b', 'i', 'i', 'i', 'i'], ['i', 'i', 'i', 'i', 's', 's', 'i', 'i', 'i', 'i']]