(0, 2, 10)
(1, 3, 22)
(2, 3, 21)
(3, 3, 21)
(4, 3, 21)
(5, 4, 21)
(6, 4, 20)
(7, 6, 20)
(8, 6, 18)
(9, 6, 18)
(10, 7, 18)
(11, 7, 17)
(12, 7, 17)
(13, 7, 17)
(14, 7, 17)
(15, 7, 17)
(16, 7, 17)
(17, 7, 17)
(18, 7, 17)
(19, 8, 17)
(20, 8, 16)
(21, 8, 16)
(22, 8, 16)
(23, 8, 16)
(24, 9, 16)
(25, 9, 15)
(26, 9, 15)
(27, 9, 15)
(28, 9, 15)
(29, 10, 15)
(30, 10, 14)
(31, 10, 14)
(32, 10, 14)
(33, 10, 14)
(34, 10, 14)
(35, 10, 14)
(36, 10, 14)
(37, 10, 14)
(38, 10, 14)
(39, 10, 14)
(40, 10, 14)
(41, 10, 14)
(42, 10, 14)
(43, 10, 14)
(44, 10, 14)
(45, 10, 14)
(46, 11, 14)
(47, 11, 13)
(48, 11, 13)
(49, 11, 13)
(50, 11, 13)
(51, 11, 13)
(52, 12, 13)
(53, 12, 12)
(54, 12, 12)
(55, 12, 12)
(56, 12, 12)
(57, 12, 12)
(58, 12, 12)
(59, 12, 12)
(60, 12, 12)
(61, 12, 12)
(62, 14, 12)
(63, 14, 10)
(64, 14, 10)
(65, 14, 10)
(66, 14, 10)
(67, 14, 10)
(68, 14, 10)
(69, 15, 10)
(70, 15, 9)
(71, 15, 9)
(72, 15, 9)
(73, 15, 9)
(74, 15, 9)
(75, 15, 9)
(76, 15, 9)
(77, 15, 9)
(78, 15, 9)
(79, 15, 9)
(80, 15, 9)
(81, 15, 9)
(82, 15, 9)
(83, 15, 9)
(84, 16, 9)
(85, 16, 8)
(86, 16, 8)
(87, 16, 8)
(88, 16, 8)
(89, 16, 8)
(90, 16, 8)
(91, 16, 8)
(92, 16, 8)
(93, 16, 8)
(94, 16, 8)
(95, 16, 8)
(96, 17, 8)
(97, 17, 7)
(98, 17, 7)
(99, 17, 7)
(100, 17, 7)
(101, 17, 7)
(102, 17, 7)
(103, 17, 7)
(104, 17, 7)
(105, 17, 7)
(106, 17, 7)
(107, 17, 7)
(108, 17, 7)
(109, 17, 7)
(110, 17, 7)
(111, 17, 7)
(112, 17, 7)
(113, 17, 7)
(114, 17, 7)
(115, 17, 7)
(116, 17, 7)
(117, 17, 7)
(118, 17, 7)
(119, 17, 7)
(120, 17, 7)
(121, 17, 7)
(122, 17, 7)
(123, 17, 7)
(124, 17, 7)
(125, 17, 7)
(126, 17, 7)
(127, 17, 7)
(128, 17, 7)
(129, 17, 7)
(130, 17, 7)
(131, 17, 7)
(132, 17, 7)
(133, 17, 7)
(134, 17, 7)
(135, 17, 7)
(136, 18, 7)
(137, 18, 6)
(138, 18, 6)
(139, 18, 6)
(140, 18, 6)
(141, 18, 6)
(142, 18, 6)
(143, 18, 6)
(144, 18, 6)
(145, 18, 6)
(146, 18, 6)
(147, 18, 6)
(148, 18, 6)
(149, 18, 6)
(150, 18, 6)
(151, 18, 6)
(152, 18, 6)
(153, 18, 6)
(154, 18, 6)
(155, 18, 6)
(156, 18, 6)
(157, 18, 6)
(158, 18, 6)
(159, 18, 6)
(160, 18, 6)
(161, 18, 6)
(162, 18, 6)
(163, 18, 6)
(164, 18, 6)
(165, 18, 6)
(166, 18, 6)
(167, 18, 6)
(168, 18, 6)
(169, 18, 6)
(170, 18, 6)
(171, 18, 6)
(172, 18, 6)
(173, 18, 6)
(174, 18, 6)
(175, 18, 6)
(176, 18, 6)
(177, 18, 6)
(178, 18, 6)
(179, 18, 6)
(180, 18, 6)
(181, 18, 6)
(182, 18, 6)
(183, 18, 6)
(184, 18, 6)
(185, 18, 6)
(186, 18, 6)
(187, 18, 6)
(188, 18, 6)
(189, 18, 6)
(190, 18, 6)
(191, 18, 6)
(192, 18, 6)
(193, 18, 6)
(194, 18, 6)
(195, 18, 6)
(196, 18, 6)
(197, 18, 6)
(198, 18, 6)
(199, 18, 6)
(200, 18, 6)
(201, 18, 6)
(202, 18, 6)
(203, 18, 6)
(204, 18, 6)
(205, 18, 6)
(206, 18, 6)
(207, 18, 6)
(208, 18, 6)
(209, 18, 6)
(210, 18, 6)
(211, 18, 6)
(212, 18, 6)
(213, 18, 6)
(214, 18, 6)
(215, 18, 6)
(216, 18, 6)
(217, 18, 6)
(218, 18, 6)
(219, 18, 6)
(220, 18, 6)
(221, 18, 6)
(222, 18, 6)
(223, 18, 6)
(224, 18, 6)
(225, 18, 6)
(226, 18, 6)
(227, 18, 6)
(228, 18, 6)
(229, 18, 6)
(230, 18, 6)
(231, 18, 6)
(232, 18, 6)
(233, 18, 6)
(234, 18, 6)
(235, 18, 6)
(236, 18, 6)
(237, 18, 6)
(238, 18, 6)
(239, 18, 6)
(240, 18, 6)
(241, 18, 6)
(242, 18, 6)
(243, 18, 6)
(244, 18, 6)
(245, 18, 6)
(246, 18, 6)
(247, 18, 6)
(248, 18, 6)
(249, 18, 6)
(250, 18, 6)
(251, 18, 6)
(252, 18, 6)
(253, 18, 6)
(254, 18, 6)
(255, 18, 6)
(256, 18, 6)
(257, 18, 6)
(258, 18, 6)
(259, 18, 6)
(260, 18, 6)
(261, 18, 6)
(262, 18, 6)
(263, 18, 6)
(264, 18, 6)
(265, 18, 6)
(266, 18, 6)
(267, 18, 6)
(268, 18, 6)
(269, 18, 6)
(270, 18, 6)
(271, 18, 6)
(272, 18, 6)
(273, 18, 6)
(274, 18, 6)
(275, 18, 6)
(276, 18, 6)
(277, 18, 6)
(278, 18, 6)
(279, 18, 6)
(280, 18, 6)
(281, 18, 6)
(282, 18, 6)
(283, 18, 6)
(284, 18, 6)
(285, 18, 6)
(286, 18, 6)
(287, 18, 6)
(288, 18, 6)
(289, 18, 6)
(290, 18, 6)
(291, 18, 6)
(292, 18, 6)
(293, 18, 6)
(294, 18, 6)
(295, 18, 6)
(296, 18, 6)
(297, 18, 6)
(298, 18, 6)
(299, 18, 6)
(300, 18, 6)
(301, 18, 6)
(302, 18, 6)
(303, 18, 6)
(304, 18, 6)
(305, 18, 6)
(306, 18, 6)
(307, 18, 6)
(308, 18, 6)
(309, 18, 6)
(310, 18, 6)
(311, 18, 6)
(312, 18, 6)
(313, 18, 6)
(314, 18, 6)
(315, 18, 6)
(316, 18, 6)
(317, 18, 6)
(318, 18, 6)
(319, 18, 6)
(320, 18, 6)
(321, 18, 6)
(322, 18, 6)
(323, 18, 6)
(324, 18, 6)
(325, 18, 6)
(326, 18, 6)
(327, 18, 6)
(328, 18, 6)
(329, 18, 6)
(330, 18, 6)
(331, 18, 6)
(332, 18, 6)
(333, 18, 6)
(334, 18, 6)
(335, 18, 6)
(336, 18, 6)
(337, 18, 6)
(338, 18, 6)
(339, 18, 6)
(340, 18, 6)
(341, 18, 6)
(342, 18, 6)
(343, 18, 6)
(344, 18, 6)
(345, 18, 6)
(346, 18, 6)
(347, 18, 6)
(348, 18, 6)
(349, 18, 6)
(350, 18, 6)
(351, 18, 6)
(352, 18, 6)
(353, 18, 6)
(354, 18, 6)
(355, 18, 6)
(356, 18, 6)
(357, 18, 6)
(358, 18, 6)
(359, 18, 6)
(360, 18, 6)
(361, 18, 6)
(362, 18, 6)
(363, 18, 6)
(364, 18, 6)
(365, 18, 6)
(366, 18, 6)
(367, 18, 6)
(368, 18, 6)
(369, 18, 6)
(370, 18, 6)
(371, 18, 6)
(372, 18, 6)
(373, 18, 6)
(374, 18, 6)
(375, 18, 6)
(376, 18, 6)
(377, 18, 6)
(378, 18, 6)
(379, 18, 6)
(380, 18, 6)
(381, 18, 6)
(382, 18, 6)
(383, 18, 6)
(384, 18, 6)
(385, 18, 6)
(386, 18, 6)
(387, 18, 6)
(388, 18, 6)
(389, 18, 6)
(390, 18, 6)
(391, 18, 6)
(392, 18, 6)
(393, 18, 6)
(394, 18, 6)
(395, 18, 6)
(396, 18, 6)
(397, 18, 6)
(398, 18, 6)
(399, 18, 6)
(400, 18, 6)
(401, 18, 6)
(402, 18, 6)
(403, 18, 6)
(404, 18, 6)
(405, 18, 6)
(406, 18, 6)
(407, 18, 6)
(408, 18, 6)
(409, 18, 6)
(410, 18, 6)
(411, 18, 6)
(412, 18, 6)
(413, 18, 6)
(414, 18, 6)
(415, 18, 6)
(416, 18, 6)
(417, 18, 6)
(418, 18, 6)
(419, 18, 6)
(420, 18, 6)
(421, 18, 6)
(422, 18, 6)
(423, 18, 6)
(424, 18, 6)
(425, 18, 6)
(426, 18, 6)
(427, 18, 6)
(428, 18, 6)
(429, 18, 6)
(430, 18, 6)
(431, 18, 6)
(432, 18, 6)
(433, 18, 6)
(434, 18, 6)
(435, 18, 6)
(436, 18, 6)
(437, 18, 6)
(438, 18, 6)
(439, 18, 6)
(440, 18, 6)
(441, 18, 6)
(442, 18, 6)
(443, 18, 6)
(444, 18, 6)
(445, 19, 6)
(446, 19, 5)
(447, 19, 5)
(448, 19, 5)
(449, 19, 5)
(450, 19, 5)
(451, 19, 5)
(452, 19, 5)
(453, 19, 5)
(454, 19, 5)
(455, 19, 5)
(456, 19, 5)
(457, 19, 5)
(458, 19, 5)
(459, 21, 5)
(460, 21, 3)
(461, 21, 3)
(462, 21, 3)
(463, 21, 3)
(464, 21, 3)
(465, 21, 3)
(466, 23, 3)
(467, 23, 1)
(468, 23, 1)
(469, 23, 1)
(470, 23, 1)
(471, 23, 1)
(472, 23, 1)
(473, 23, 1)
(474, 23, 1)
(475, 23, 1)
(476, 23, 1)
(477, 23, 1)
(478, 23, 1)
(479, 23, 1)
(480, 23, 1)
(481, 23, 1)
(482, 23, 1)
(483, 23, 1)
(484, 23, 1)
(485, 23, 1)
(486, 23, 1)
(487, 23, 1)
(488, 23, 1)
(489, 23, 1)
(490, 23, 1)
(491, 23, 1)
(492, 23, 1)
(493, 23, 1)
(494, 23, 1)
(495, 23, 1)
(496, 23, 1)
(497, 23, 1)
(498, 23, 1)
(499, 23, 1)
(500, 23, 1)
(501, 23, 1)
(502, 23, 1)
(503, 23, 1)
(504, 23, 1)
(505, 23, 1)
(506, 23, 1)
(507, 23, 1)
(508, 23, 1)
(509, 23, 1)
(510, 23, 1)
(511, 23, 1)
(512, 23, 1)
(513, 23, 1)
(514, 23, 1)
(515, 23, 1)
(516, 23, 1)
(517, 23, 1)
(518, 23, 1)
(519, 23, 1)
(520, 23, 1)
(521, 23, 1)
(522, 23, 1)
(523, 23, 1)
(524, 23, 1)
(525, 23, 1)
(526, 23, 1)
(527, 23, 1)
(528, 23, 1)
(529, 23, 1)
(530, 23, 1)
(531, 23, 1)
(532, 23, 1)
(533, 23, 1)
(534, 23, 1)
(535, 23, 1)
(536, 23, 1)
(537, 23, 1)
(538, 23, 1)
(539, 23, 1)
(540, 23, 1)
(541, 23, 1)
(542, 23, 1)
(543, 23, 1)
(544, 23, 1)
(545, 23, 1)
(546, 23, 1)
(547, 23, 1)
(548, 23, 1)
(549, 23, 1)
(550, 23, 1)
(551, 23, 1)
(552, 23, 1)
(553, 23, 1)
(554, 23, 1)
(555, 23, 1)
(556, 23, 1)
(557, 23, 1)
(558, 23, 1)
(559, 23, 1)
(560, 23, 1)
(561, 23, 1)
(562, 23, 1)
(563, 23, 1)
(564, 23, 1)
(565, 23, 1)
(566, 23, 1)
(567, 23, 1)
(568, 23, 1)
(569, 23, 1)
(570, 23, 1)
(571, 23, 1)
(572, 23, 1)
(573, 23, 1)
(574, 23, 1)
(575, 23, 1)
(576, 23, 1)
(577, 23, 1)
(578, 23, 1)
(579, 23, 1)
(580, 23, 1)
(581, 23, 1)
(582, 23, 1)
(583, 23, 1)
(584, 23, 1)
(585, 23, 1)
(586, 23, 1)
(587, 23, 1)
(588, 23, 1)
(589, 23, 1)
(590, 23, 1)
(591, 23, 1)
(592, 23, 1)
(593, 23, 1)
(594, 23, 1)
(595, 23, 1)
(596, 23, 1)
(597, 23, 1)
(598, 23, 1)
(599, 23, 1)
(600, 23, 1)
(601, 23, 1)
(602, 23, 1)
(603, 23, 1)
(604, 23, 1)
(605, 23, 1)
(606, 23, 1)
(607, 23, 1)
(608, 23, 1)
(609, 23, 1)
(610, 23, 1)
(611, 23, 1)
(612, 23, 1)
(613, 23, 1)
(614, 23, 1)
(615, 23, 1)
(616, 23, 1)
(617, 23, 1)
(618, 23, 1)
(619, 23, 1)
(620, 23, 1)
(621, 23, 1)
(622, 23, 1)
(623, 23, 1)
(624, 23, 1)
(625, 23, 1)
(626, 23, 1)
(627, 23, 1)
(628, 23, 1)
(629, 23, 1)
(630, 23, 1)
(631, 23, 1)
(632, 23, 1)
(633, 23, 1)
(634, 23, 1)
(635, 23, 1)
(636, 23, 1)
(637, 23, 1)
(638, 23, 1)
(639, 23, 1)
(640, 23, 1)
(641, 23, 1)
(642, 23, 1)
(643, 23, 1)
(644, 23, 1)
(645, 23, 1)
(646, 23, 1)
(647, 23, 1)
(648, 23, 1)
(649, 23, 1)
(650, 23, 1)
(651, 23, 1)
(652, 23, 1)
(653, 23, 1)
(654, 23, 1)
(655, 23, 1)
(656, 23, 1)
(657, 23, 1)
(658, 23, 1)
(659, 23, 1)
(660, 23, 1)
(661, 23, 1)
(662, 23, 1)
(663, 23, 1)
(664, 23, 1)
[['i', 'i', 'i', 'i', 's', 's', 'i', 'i', 'i', 'i'], ['i', 'd', 'd', 'd', 'd', 'h', 'g', 'g', 'g', 'i'], ['i', 'i', 'i', 'i', 'd', 'h', 'i', 'i', 'i', 'i'], ['i', 'd', 'd', 'd', 'h', 'g', 'g', 'g', 'g', 'i'], ['i', 'i', 'i', 'i', 'g', 'g', 'i', 'i', 'i', 'i'], ['i', 'd', 'd', 'd', 'b', 'g', 'g', 'g', 'g', 'i'], ['i', 'i', 'i', 'i', 'b', 'd', 'i', 'i', 'i', 'i'], ['i', 'd', 'd', 'd', 'd', 'b', 'g', 'g', 'g', 'i'], ['i', 'i', 'i', 'i', 'b', 'b', 'i', 'i', 'i', 'i'], ['i', 'i', 'i', 'i', 's', 's', 'i', 'i', 'i', 'i']]