(0, 1, 10)
(1, 1, 23)
(2, 1, 23)
(3, 2, 23)
(4, 2, 22)
(5, 4, 22)
(6, 4, 20)
(7, 4, 20)
(8, 4, 20)
(9, 4, 20)
(10, 4, 20)
(11, 5, 20)
(12, 5, 19)
(13, 6, 19)
(14, 6, 18)
(15, 7, 18)
(16, 7, 17)
(17, 8, 17)
(18, 8, 16)
(19, 10, 16)
(20, 10, 14)
(21, 10, 14)
(22, 11, 14)
(23, 11, 13)
(24, 11, 13)
(25, 11, 13)
(26, 11, 13)
(27, 11, 13)
(28, 11, 13)
(29, 11, 13)
(30, 11, 13)
(31, 11, 13)
(32, 12, 13)
(33, 12, 12)
(34, 12, 12)
(35, 14, 12)
(36, 14, 10)
(37, 14, 10)
(38, 14, 10)
(39, 14, 10)
(40, 14, 10)
(41, 14, 10)
(42, 14, 10)
(43, 14, 10)
(44, 14, 10)
(45, 14, 10)
(46, 14, 10)
(47, 14, 10)
(48, 14, 10)
(49, 14, 10)
(50, 14, 10)
(51, 14, 10)
(52, 14, 10)
(53, 14, 10)
(54, 14, 10)
(55, 14, 10)
(56, 14, 10)
(57, 14, 10)
(58, 14, 10)
(59, 14, 10)
(60, 14, 10)
(61, 14, 10)
(62, 14, 10)
(63, 14, 10)
(64, 14, 10)
(65, 14, 10)
(66, 14, 10)
(67, 14, 10)
(68, 14, 10)
(69, 14, 10)
(70, 14, 10)
(71, 14, 10)
(72, 14, 10)
(73, 16, 10)
(74, 16, 8)
(75, 16, 8)
(76, 18, 8)
(77, 18, 6)
(78, 18, 6)
(79, 18, 6)
(80, 19, 6)
(81, 19, 5)
(82, 19, 5)
(83, 19, 5)
(84, 19, 5)
(85, 19, 5)
(86, 19, 5)
(87, 20, 5)
(88, 20, 4)
(89, 20, 4)
(90, 20, 4)
(91, 20, 4)
(92, 20, 4)
(93, 20, 4)
(94, 20, 4)
(95, 20, 4)
(96, 20, 4)
(97, 20, 4)
(98, 20, 4)
(99, 21, 4)
(100, 21, 3)
(101, 21, 3)
(102, 21, 3)
(103, 21, 3)
(104, 21, 3)
(105, 21, 3)
(106, 21, 3)
(107, 21, 3)
(108, 21, 3)
(109, 21, 3)
(110, 21, 3)
(111, 21, 3)
(112, 21, 3)
(113, 21, 3)
(114, 21, 3)
(115, 21, 3)
(116, 21, 3)
(117, 21, 3)
(118, 21, 3)
(119, 21, 3)
(120, 21, 3)
(121, 21, 3)
(122, 21, 3)
(123, 21, 3)
(124, 21, 3)
(125, 21, 3)
(126, 21, 3)
(127, 21, 3)
(128, 21, 3)
(129, 21, 3)
(130, 21, 3)
(131, 21, 3)
(132, 21, 3)
(133, 21, 3)
(134, 21, 3)
(135, 21, 3)
(136, 21, 3)
(137, 21, 3)
(138, 21, 3)
(139, 21, 3)
(140, 21, 3)
(141, 21, 3)
(142, 21, 3)
(143, 21, 3)
(144, 21, 3)
(145, 21, 3)
(146, 21, 3)
(147, 21, 3)
(148, 21, 3)
(149, 21, 3)
(150, 21, 3)
(151, 21, 3)
(152, 21, 3)
(153, 21, 3)
(154, 21, 3)
(155, 21, 3)
(156, 21, 3)
(157, 21, 3)
(158, 21, 3)
(159, 21, 3)
(160, 21, 3)
(161, 21, 3)
(162, 21, 3)
(163, 21, 3)
(164, 22, 3)
(165, 22, 2)
(166, 22, 2)
(167, 22, 2)
(168, 22, 2)
(169, 22, 2)
(170, 22, 2)
(171, 22, 2)
(172, 22, 2)
(173, 22, 2)
(174, 22, 2)
(175, 22, 2)
(176, 22, 2)
(177, 22, 2)
(178, 22, 2)
(179, 22, 2)
(180, 22, 2)
(181, 22, 2)
(182, 22, 2)
(183, 22, 2)
(184, 22, 2)
(185, 22, 2)
(186, 22, 2)
(187, 22, 2)
(188, 22, 2)
(189, 22, 2)
(190, 22, 2)
(191, 22, 2)
(192, 22, 2)
(193, 22, 2)
(194, 22, 2)
(195, 22, 2)
(196, 22, 2)
(197, 22, 2)
(198, 22, 2)
(199, 22, 2)
(200, 22, 2)
(201, 22, 2)
(202, 22, 2)
(203, 22, 2)
(204, 22, 2)
(205, 22, 2)
(206, 22, 2)
(207, 22, 2)
(208, 22, 2)
(209, 22, 2)
(210, 22, 2)
(211, 22, 2)
(212, 22, 2)
(213, 22, 2)
(214, 22, 2)
(215, 22, 2)
(216, 22, 2)
(217, 22, 2)
(218, 22, 2)
(219, 22, 2)
(220, 22, 2)
(221, 22, 2)
(222, 22, 2)
(223, 22, 2)
(224, 22, 2)
(225, 22, 2)
(226, 22, 2)
(227, 22, 2)
(228, 22, 2)
(229, 22, 2)
(230, 22, 2)
(231, 22, 2)
(232, 22, 2)
(233, 22, 2)
(234, 22, 2)
(235, 22, 2)
(236, 22, 2)
(237, 22, 2)
(238, 22, 2)
(239, 22, 2)
(240, 22, 2)
(241, 22, 2)
(242, 22, 2)
(243, 22, 2)
(244, 22, 2)
(245, 22, 2)
(246, 22, 2)
(247, 22, 2)
(248, 22, 2)
(249, 22, 2)
(250, 22, 2)
(251, 22, 2)
(252, 22, 2)
(253, 22, 2)
(254, 22, 2)
(255, 22, 2)
(256, 22, 2)
(257, 22, 2)
(258, 22, 2)
(259, 22, 2)
(260, 22, 2)
(261, 22, 2)
(262, 22, 2)
(263, 22, 2)
(264, 22, 2)
(265, 22, 2)
(266, 22, 2)
(267, 22, 2)
(268, 22, 2)
(269, 22, 2)
(270, 22, 2)
(271, 22, 2)
(272, 22, 2)
(273, 22, 2)
(274, 22, 2)
(275, 22, 2)
(276, 22, 2)
(277, 22, 2)
(278, 22, 2)
(279, 22, 2)
(280, 22, 2)
(281, 22, 2)
(282, 22, 2)
(283, 22, 2)
(284, 22, 2)
(285, 22, 2)
(286, 22, 2)
(287, 22, 2)
(288, 22, 2)
(289, 22, 2)
(290, 22, 2)
(291, 22, 2)
(292, 22, 2)
(293, 22, 2)
(294, 22, 2)
(295, 22, 2)
(296, 22, 2)
(297, 22, 2)
(298, 22, 2)
(299, 22, 2)
(300, 22, 2)
(301, 22, 2)
(302, 22, 2)
(303, 22, 2)
(304, 22, 2)
(305, 22, 2)
(306, 22, 2)
(307, 22, 2)
(308, 22, 2)
(309, 22, 2)
(310, 22, 2)
(311, 22, 2)
(312, 22, 2)
(313, 22, 2)
(314, 22, 2)
(315, 22, 2)
(316, 22, 2)
(317, 22, 2)
(318, 22, 2)
(319, 22, 2)
(320, 22, 2)
(321, 22, 2)
(322, 22, 2)
(323, 22, 2)
(324, 22, 2)
(325, 23, 2)
(326, 23, 1)
(327, 23, 1)
(328, 23, 1)
(329, 23, 1)
(330, 23, 1)
(331, 23, 1)
(332, 23, 1)
(333, 23, 1)
(334, 23, 1)
(335, 23, 1)
(336, 23, 1)
(337, 23, 1)
(338, 23, 1)
(339, 23, 1)
(340, 23, 1)
(341, 23, 1)
(342, 23, 1)
(343, 23, 1)
(344, 23, 1)
(345, 23, 1)
(346, 23, 1)
(347, 23, 1)
(348, 23, 1)
(349, 23, 1)
(350, 23, 1)
(351, 23, 1)
(352, 23, 1)
(353, 23, 1)
(354, 23, 1)
(355, 23, 1)
[['i', 'i', 'i', 'i', 'i', 'i', 'i', 'i', 'i', 'i'], ['i', 'd', 'd', 'd', 'b', 'g', 'g', 'g', 'g', 'i'], ['i', 'i', 'i', 'i', 'b', 'b', 'i', 'i', 'i', 'i'], ['i', 'd', 'd', 'd', 'b', 'b', 'g', 'g', 'g', 'i'], ['i', 'i', 'i', 'i', 'b', 'b', 'i', 'i', 'i', 'i'], ['i', 'd', 'd', 'd', 'd', 'b', 'g', 'g', 'g', 'i'], ['i', 'i', 'i', 'i', 'b', 'g', 'i', 'i', 'i', 'i'], ['i', 'd', 'd', 'd', 'b', 'g', 'g', 'g', 'g', 'i'], ['i', 'i', 'i', 'i', 'b', 'b', 'i', 'i', 'i', 'i'], ['i', 'i', 'i', 'i', 's', 's', 'i', 'i', 'i', 'i']](24, 49, [['i', 'i', 'i', 'i', 'i', 'i', 'i', 'i', 'i', 'i'], ['i', 'd', 'd', 'd', 'b', 'g', 'g', 'g', 'g', 'i'], ['i', 'i', 'i', 'i', 'b', 'b', 'i', 'i', 'i', 'i'], ['i', 'd', 'd', 'd', 'b', 'b', 'g', 'g', 'g', 'i'], ['i', 'i', 'i', 'i', 'b', 'b', 'i', 'i', 'i', 'i'], ['i', 'd', 'd', 'd', 'd', 'b', 'g', 'g', 'g', 'i'], ['i', 'i', 'i', 'i', 'b', 'g', 'i', 'i', 'i', 'i'], ['i', 'd', 'd', 'd', 'b', 'g', 'g', 'g', 'g', 'i'], ['i', 'i', 'i', 'i', 'b', 'b', 'i', 'i', 'i', 'i'], ['i', 'i', 'i', 'i', 's', 's', 'i', 'i', 'i', 'i']])