(0, 0, 10)
(1, 3, 24)
(2, 3, 21)
(3, 3, 21)
(4, 3, 21)
(5, 3, 21)
(6, 3, 21)
(7, 3, 21)
(8, 3, 21)
(9, 3, 21)
(10, 3, 21)
(11, 3, 21)
(12, 3, 21)
(13, 3, 21)
(14, 3, 21)
(15, 4, 21)
(16, 5, 20)
(17, 5, 19)
(18, 5, 19)
(19, 5, 19)
(20, 5, 19)
(21, 5, 19)
(22, 5, 19)
(23, 5, 19)
(24, 5, 19)
(25, 5, 19)
(26, 5, 19)
(27, 5, 19)
(28, 5, 19)
(29, 6, 19)
(30, 6, 18)
(31, 6, 18)
(32, 6, 18)
(33, 6, 18)
(34, 6, 18)
(35, 6, 18)
(36, 6, 18)
(37, 6, 18)
(38, 6, 18)
(39, 6, 18)
(40, 6, 18)
(41, 6, 18)
(42, 6, 18)
(43, 6, 18)
(44, 6, 18)
(45, 6, 18)
(46, 6, 18)
(47, 6, 18)
(48, 6, 18)
(49, 6, 18)
(50, 6, 18)
(51, 6, 18)
(52, 6, 18)
(53, 6, 18)
(54, 6, 18)
(55, 6, 18)
(56, 6, 18)
(57, 6, 18)
(58, 6, 18)
(59, 6, 18)
(60, 6, 18)
(61, 6, 18)
(62, 6, 18)
(63, 6, 18)
(64, 6, 18)
(65, 6, 18)
(66, 6, 18)
(67, 6, 18)
(68, 6, 18)
(69, 6, 18)
(70, 6, 18)
(71, 6, 18)
(72, 6, 18)
(73, 6, 18)
(74, 6, 18)
(75, 6, 18)
(76, 6, 18)
(77, 6, 18)
(78, 6, 18)
(79, 6, 18)
(80, 6, 18)
(81, 6, 18)
(82, 6, 18)
(83, 6, 18)
(84, 6, 18)
(85, 6, 18)
(86, 6, 18)
(87, 6, 18)
(88, 6, 18)
(89, 6, 18)
(90, 6, 18)
(91, 6, 18)
(92, 6, 18)
(93, 6, 18)
(94, 6, 18)
(95, 6, 18)
