(0, 14, 10)
(1, 14, 49)
(2, 14, 49)
(3, 14, 49)
(4, 14, 49)
(5, 14, 49)
(6, 23, 49)
(7, 23, 40)
(8, 23, 40)
(9, 23, 40)
(10, 23, 40)
(11, 23, 40)
(12, 23, 40)
(13, 25, 40)
(14, 25, 38)
(15, 25, 38)
(16, 25, 38)
(17, 25, 38)
(18, 26, 38)
(19, 27, 37)
(20, 27, 36)
(21, 27, 36)
(22, 27, 36)
(23, 28, 36)
(24, 28, 35)
(25, 28, 35)
(26, 28, 35)
(27, 28, 35)
(28, 28, 35)
(29, 28, 35)
(30, 32, 35)
(31, 32, 31)
(32, 32, 31)
(33, 32, 31)
(34, 34, 31)
(35, 37, 29)
(36, 37, 26)
(37, 37, 26)
(38, 37, 26)
(39, 37, 26)
(40, 37, 26)
(41, 37, 26)
(42, 37, 26)
(43, 37, 26)
(44, 37, 26)
(45, 37, 26)
(46, 37, 26)
(47, 37, 26)
(48, 37, 26)
(49, 37, 26)
(50, 37, 26)
(51, 37, 26)
(52, 37, 26)
(53, 37, 26)
(54, 37, 26)
(55, 37, 26)
(56, 37, 26)
(57, 37, 26)
(58, 37, 26)
(59, 37, 26)
(60, 37, 26)
(61, 37, 26)
(62, 37, 26)
(63, 37, 26)
(64, 37, 26)
(65, 37, 26)
(66, 37, 26)
(67, 37, 26)
(68, 37, 26)
(69, 37, 26)
(70, 37, 26)
(71, 37, 26)
(72, 37, 26)
(73, 37, 26)
(74, 37, 26)
(75, 37, 26)
(76, 37, 26)
(77, 37, 26)
(78, 39, 26)
(79, 39, 24)
(80, 39, 24)
(81, 39, 24)
(82, 39, 24)
(83, 39, 24)
(84, 39, 24)
(85, 39, 24)
(86, 39, 24)
(87, 39, 24)
(88, 47, 24)
(89, 47, 16)
(90, 48, 16)
(91, 48, 15)
(92, 48, 15)
(93, 51, 15)
(94, 51, 12)
(95, 51, 12)
(96, 51, 12)
(97, 51, 12)
(98, 51, 12)
(99, 51, 12)
(100, 51, 12)
(101, 53, 12)
(102, 53, 10)
(103, 53, 10)
(104, 53, 10)
(105, 53, 10)
(106, 53, 10)
(107, 53, 10)
(108, 53, 10)
(109, 53, 10)
(110, 53, 10)
(111, 53, 10)
(112, 53, 10)
(113, 53, 10)
(114, 53, 10)
(115, 53, 10)
(116, 53, 10)
(117, 53, 10)
(118, 53, 10)
(119, 53, 10)
(120, 53, 10)
(121, 53, 10)
(122, 53, 10)
(123, 53, 10)
(124, 53, 10)
(125, 53, 10)
(126, 53, 10)
(127, 53, 10)
(128, 53, 10)
(129, 53, 10)
(130, 53, 10)
(131, 53, 10)
(132, 53, 10)
(133, 53, 10)
(134, 53, 10)
(135, 53, 10)
(136, 53, 10)
(137, 53, 10)
(138, 53, 10)
(139, 53, 10)
(140, 53, 10)
(141, 53, 10)
(142, 53, 10)
(143, 53, 10)
(144, 53, 10)
(145, 53, 10)
(146, 53, 10)
(147, 53, 10)
(148, 53, 10)
(149, 53, 10)
(150, 53, 10)
(151, 53, 10)
(152, 53, 10)
(153, 53, 10)
(154, 53, 10)
(155, 53, 10)
(156, 53, 10)
(157, 53, 10)
(158, 53, 10)
(159, 53, 10)
(160, 53, 10)
(161, 53, 10)
(162, 53, 10)
(163, 53, 10)
(164, 53, 10)
(165, 53, 10)
(166, 53, 10)
(167, 53, 10)
(168, 53, 10)
(169, 53, 10)
(170, 53, 10)
(171, 53, 10)
(172, 53, 10)
(173, 53, 10)
(174, 53, 10)
(175, 53, 10)
(176, 53, 10)
(177, 53, 10)
(178, 53, 10)
(179, 53, 10)
(180, 53, 10)
(181, 53, 10)
(182, 53, 10)
(183, 53, 10)
(184, 53, 10)
(185, 53, 10)
(186, 53, 10)
(187, 53, 10)
(188, 53, 10)
(189, 53, 10)
(190, 53, 10)
(191, 53, 10)
(192, 53, 10)
(193, 53, 10)
(194, 53, 10)
(195, 53, 10)
(196, 53, 10)
(197, 53, 10)
(198, 53, 10)
(199, 53, 10)
(200, 53, 10)
(201, 53, 10)
(202, 53, 10)
(203, 53, 10)
(204, 53, 10)
(205, 53, 10)
(206, 53, 10)
(207, 53, 10)
(208, 53, 10)
(209, 53, 10)
(210, 53, 10)
(211, 53, 10)
(212, 53, 10)
(213, 53, 10)
(214, 53, 10)
(215, 53, 10)
(216, 53, 10)
(217, 53, 10)
(218, 53, 10)
(219, 53, 10)
(220, 53, 10)
(221, 54, 10)
(222, 54, 9)
(223, 54, 9)
(224, 54, 9)
(225, 54, 9)
(226, 54, 9)
(227, 54, 9)
(228, 54, 9)
(229, 54, 9)
(230, 54, 9)
(231, 54, 9)
(232, 54, 9)
(233, 54, 9)
(234, 54, 9)
(235, 54, 9)
(236, 54, 9)
(237, 54, 9)
(238, 54, 9)
(239, 54, 9)
(240, 54, 9)
(241, 54, 9)
(242, 54, 9)
(243, 54, 9)
(244, 54, 9)
(245, 54, 9)
(246, 54, 9)
(247, 54, 9)
(248, 54, 9)
(249, 54, 9)
(250, 54, 9)
(251, 54, 9)
(252, 54, 9)
(253, 54, 9)
(254, 54, 9)
(255, 54, 9)
(256, 54, 9)
(257, 54, 9)
(258, 54, 9)
(259, 54, 9)
(260, 54, 9)
(261, 54, 9)
(262, 54, 9)
(263, 54, 9)
(264, 54, 9)
(265, 54, 9)
(266, 54, 9)
(267, 54, 9)
(268, 54, 9)
(269, 54, 9)
(270, 54, 9)
(271, 54, 9)
(272, 54, 9)
(273, 54, 9)
(274, 54, 9)
(275, 54, 9)
(276, 54, 9)
(277, 54, 9)
(278, 54, 9)
(279, 54, 9)
(280, 54, 9)
(281, 54, 9)
(282, 54, 9)
(283, 54, 9)
(284, 54, 9)
(285, 54, 9)
(286, 54, 9)
(287, 54, 9)
(288, 54, 9)
(289, 54, 9)
(290, 54, 9)
(291, 54, 9)
(292, 54, 9)
(293, 54, 9)
(294, 54, 9)
(295, 54, 9)
(296, 54, 9)
(297, 54, 9)
(298, 54, 9)
(299, 54, 9)
(300, 54, 9)
(301, 54, 9)
(302, 54, 9)
(303, 54, 9)
(304, 54, 9)
(305, 54, 9)
(306, 54, 9)
(307, 54, 9)
(308, 54, 9)
(309, 54, 9)
(310, 54, 9)
(311, 54, 9)
(312, 54, 9)
(313, 54, 9)
(314, 54, 9)
(315, 54, 9)
(316, 54, 9)
(317, 54, 9)
(318, 54, 9)
(319, 54, 9)
(320, 54, 9)
(321, 54, 9)
(322, 54, 9)
(323, 54, 9)
(324, 54, 9)
(325, 54, 9)
(326, 54, 9)
(327, 54, 9)
(328, 54, 9)
(329, 54, 9)
(330, 54, 9)
(331, 54, 9)
(332, 54, 9)
(333, 54, 9)
(334, 54, 9)
(335, 54, 9)
(336, 54, 9)
(337, 54, 9)
(338, 54, 9)
(339, 54, 9)
(340, 54, 9)
(341, 54, 9)
(342, 54, 9)
(343, 54, 9)
(344, 54, 9)
(345, 54, 9)
(346, 54, 9)
(347, 54, 9)
(348, 54, 9)
(349, 54, 9)
(350, 54, 9)
(351, 54, 9)
(352, 54, 9)
(353, 54, 9)
(354, 54, 9)
(355, 54, 9)
(356, 54, 9)
(357, 54, 9)
(358, 54, 9)
(359, 54, 9)
(360, 54, 9)
(361, 54, 9)
(362, 54, 9)
(363, 54, 9)
(364, 54, 9)
(365, 54, 9)
(366, 54, 9)
(367, 54, 9)
(368, 54, 9)
(369, 54, 9)
(370, 54, 9)
(371, 54, 9)
(372, 54, 9)
(373, 54, 9)
(374, 54, 9)
(375, 54, 9)
(376, 54, 9)
(377, 54, 9)
(378, 54, 9)
(379, 54, 9)
(380, 54, 9)
(381, 54, 9)
(382, 54, 9)
(383, 54, 9)
(384, 54, 9)
(385, 54, 9)
(386, 54, 9)
(387, 54, 9)
(388, 54, 9)
(389, 54, 9)
(390, 54, 9)
(391, 54, 9)
(392, 54, 9)
(393, 54, 9)
(394, 54, 9)
(395, 54, 9)
(396, 54, 9)
(397, 54, 9)
(398, 54, 9)
(399, 54, 9)
(400, 54, 9)
(401, 54, 9)
(402, 54, 9)
(403, 54, 9)
(404, 54, 9)
(405, 54, 9)
(406, 54, 9)
(407, 54, 9)
(408, 54, 9)
(409, 54, 9)
(410, 54, 9)
(411, 54, 9)
(412, 54, 9)
(413, 54, 9)
(414, 54, 9)
(415, 54, 9)
(416, 54, 9)
(417, 54, 9)
(418, 54, 9)
(419, 54, 9)
(420, 54, 9)
(421, 54, 9)
(422, 54, 9)
(423, 54, 9)
(424, 54, 9)
(425, 54, 9)
(426, 54, 9)
(427, 54, 9)
(428, 54, 9)
(429, 54, 9)
(430, 54, 9)
(431, 54, 9)
(432, 54, 9)
(433, 54, 9)
(434, 54, 9)
(435, 54, 9)
(436, 54, 9)
(437, 54, 9)
(438, 54, 9)
(439, 54, 9)
(440, 54, 9)
(441, 54, 9)
(442, 54, 9)
(443, 54, 9)
(444, 54, 9)
(445, 54, 9)
(446, 54, 9)
(447, 54, 9)
(448, 54, 9)
(449, 54, 9)
(450, 54, 9)
(451, 54, 9)
(452, 54, 9)
(453, 54, 9)
(454, 54, 9)
(455, 54, 9)
(456, 54, 9)
(457, 54, 9)
(458, 54, 9)
(459, 54, 9)
(460, 54, 9)
(461, 54, 9)
(462, 54, 9)
(463, 54, 9)
(464, 54, 9)
(465, 55, 9)
(466, 55, 8)
(467, 55, 8)
(468, 55, 8)
(469, 55, 8)
(470, 55, 8)
(471, 55, 8)
(472, 55, 8)
(473, 55, 8)
(474, 55, 8)
(475, 55, 8)
(476, 55, 8)
(477, 55, 8)
(478, 55, 8)
(479, 55, 8)
(480, 55, 8)
(481, 55, 8)
(482, 55, 8)
(483, 55, 8)
(484, 55, 8)
(485, 55, 8)
(486, 55, 8)
(487, 55, 8)
(488, 55, 8)
(489, 55, 8)
(490, 55, 8)
(491, 55, 8)
(492, 55, 8)
(493, 55, 8)
(494, 55, 8)
(495, 55, 8)
(496, 55, 8)
(497, 55, 8)
(498, 55, 8)
(499, 55, 8)
(500, 55, 8)
(501, 55, 8)
(502, 55, 8)
(503, 55, 8)
(504, 55, 8)
(505, 55, 8)
(506, 55, 8)
(507, 55, 8)
(508, 55, 8)
(509, 55, 8)
(510, 55, 8)
(511, 55, 8)
(512, 55, 8)
(513, 55, 8)
(514, 55, 8)
(515, 55, 8)
(516, 55, 8)
(517, 55, 8)
(518, 55, 8)
(519, 55, 8)
(520, 55, 8)
(521, 55, 8)
(522, 55, 8)
(523, 55, 8)
(524, 55, 8)
(525, 55, 8)
(526, 55, 8)
(527, 55, 8)
(528, 55, 8)
(529, 55, 8)
(530, 55, 8)
(531, 55, 8)
(532, 55, 8)
(533, 55, 8)
(534, 55, 8)
(535, 55, 8)
(536, 55, 8)
(537, 55, 8)
(538, 55, 8)
(539, 55, 8)
(540, 55, 8)
(541, 55, 8)
(542, 55, 8)
(543, 55, 8)
(544, 55, 8)
(545, 55, 8)
(546, 55, 8)
(547, 55, 8)
(548, 55, 8)
(549, 55, 8)
(550, 55, 8)
(551, 55, 8)
(552, 55, 8)
(553, 55, 8)
(554, 55, 8)
(555, 55, 8)
(556, 55, 8)
(557, 55, 8)
(558, 55, 8)
(559, 55, 8)
(560, 55, 8)
(561, 55, 8)
(562, 55, 8)
(563, 55, 8)
(564, 55, 8)
(565, 55, 8)
(566, 55, 8)
(567, 55, 8)
(568, 55, 8)
(569, 55, 8)
(570, 55, 8)
(571, 55, 8)
(572, 55, 8)
(573, 55, 8)
(574, 55, 8)
(575, 55, 8)
(576, 55, 8)
(577, 55, 8)
(578, 55, 8)
(579, 55, 8)
(580, 55, 8)
(581, 55, 8)
(582, 55, 8)
(583, 55, 8)
(584, 55, 8)
(585, 55, 8)
(586, 55, 8)
(587, 55, 8)
(588, 55, 8)
(589, 55, 8)
(590, 55, 8)
(591, 55, 8)
(592, 55, 8)
(593, 55, 8)
(594, 55, 8)
(595, 55, 8)
(596, 55, 8)
(597, 55, 8)
(598, 55, 8)
(599, 55, 8)
(600, 55, 8)
(601, 55, 8)
(602, 55, 8)
(603, 55, 8)
(604, 55, 8)
(605, 55, 8)
(606, 55, 8)
(607, 55, 8)
(608, 55, 8)
(609, 55, 8)
(610, 55, 8)
(611, 55, 8)
(612, 55, 8)
(613, 55, 8)
(614, 55, 8)
(615, 55, 8)
(616, 55, 8)
(617, 55, 8)
(618, 55, 8)
(619, 55, 8)
(620, 55, 8)
(621, 55, 8)
(622, 55, 8)
(623, 55, 8)
(624, 55, 8)
(625, 55, 8)
(626, 55, 8)
(627, 55, 8)
(628, 55, 8)
(629, 55, 8)
(630, 55, 8)
(631, 55, 8)
(632, 55, 8)
(633, 55, 8)
(634, 55, 8)
(635, 55, 8)
(636, 55, 8)
(637, 55, 8)
(638, 55, 8)
(639, 55, 8)
(640, 55, 8)
(641, 55, 8)
(642, 55, 8)
(643, 55, 8)
(644, 55, 8)
(645, 55, 8)
(646, 55, 8)
(647, 55, 8)
(648, 55, 8)
(649, 55, 8)
(650, 55, 8)
(651, 55, 8)
(652, 55, 8)
(653, 55, 8)
(654, 55, 8)
(655, 55, 8)
(656, 55, 8)
(657, 55, 8)
(658, 55, 8)
(659, 55, 8)
(660, 55, 8)
(661, 55, 8)
(662, 55, 8)
(663, 55, 8)
(664, 55, 8)
(665, 55, 8)
(666, 55, 8)
(667, 55, 8)
(668, 55, 8)
(669, 55, 8)
(670, 55, 8)
(671, 55, 8)
(672, 55, 8)
(673, 55, 8)
(674, 55, 8)
(675, 55, 8)
(676, 55, 8)
(677, 55, 8)
(678, 55, 8)
(679, 55, 8)
(680, 55, 8)
(681, 55, 8)
(682, 55, 8)
(683, 55, 8)
(684, 55, 8)
(685, 55, 8)
(686, 55, 8)
(687, 55, 8)
(688, 55, 8)
(689, 55, 8)
(690, 55, 8)
(691, 55, 8)
(692, 55, 8)
(693, 55, 8)
(694, 55, 8)
(695, 55, 8)
(696, 55, 8)
(697, 55, 8)
(698, 56, 8)
(699, 56, 7)
(700, 56, 7)
(701, 56, 7)
(702, 56, 7)
(703, 56, 7)
(704, 56, 7)
(705, 56, 7)
(706, 56, 7)
(707, 56, 7)
(708, 56, 7)
(709, 56, 7)
(710, 56, 7)
(711, 56, 7)
(712, 56, 7)
(713, 56, 7)
(714, 56, 7)
(715, 56, 7)
(716, 56, 7)
(717, 56, 7)
(718, 56, 7)
(719, 56, 7)
(720, 56, 7)
(721, 56, 7)
(722, 56, 7)
(723, 56, 7)
(724, 56, 7)
(725, 56, 7)
(726, 56, 7)
(727, 56, 7)
(728, 56, 7)
(729, 56, 7)
(730, 56, 7)
(731, 56, 7)
(732, 57, 7)
(733, 57, 6)
(734, 57, 6)
(735, 57, 6)
(736, 57, 6)
(737, 57, 6)
(738, 57, 6)
(739, 57, 6)
(740, 57, 6)
(741, 57, 6)
(742, 57, 6)
(743, 57, 6)
(744, 57, 6)
(745, 57, 6)
(746, 57, 6)
(747, 57, 6)
(748, 57, 6)
(749, 57, 6)
(750, 57, 6)
(751, 57, 6)
(752, 57, 6)
(753, 57, 6)
(754, 57, 6)
(755, 57, 6)
(756, 57, 6)
(757, 57, 6)
(758, 57, 6)
(759, 57, 6)
(760, 57, 6)
(761, 57, 6)
(762, 57, 6)
(763, 57, 6)
(764, 57, 6)
(765, 57, 6)
(766, 57, 6)
(767, 57, 6)
(768, 57, 6)
(769, 59, 6)
(770, 59, 4)
(771, 59, 4)
(772, 59, 4)
(773, 59, 4)
(774, 59, 4)
(775, 62, 4)
(776, 62, 1)
(777, 62, 1)
(778, 62, 1)
(779, 62, 1)
(780, 62, 1)
(781, 62, 1)
(782, 62, 1)
(783, 62, 1)
(784, 62, 1)
(785, 62, 1)
(786, 62, 1)
(787, 62, 1)
(788, 62, 1)
(789, 62, 1)
(790, 62, 1)
(791, 62, 1)
(792, 62, 1)
(793, 62, 1)
(794, 62, 1)
(795, 62, 1)
(796, 62, 1)
(797, 62, 1)
(798, 62, 1)
(799, 62, 1)
(800, 62, 1)
(801, 62, 1)
(802, 62, 1)
(803, 62, 1)
(804, 62, 1)
(805, 62, 1)
(806, 62, 1)
(807, 62, 1)
(808, 62, 1)
(809, 62, 1)
(810, 62, 1)
(811, 62, 1)
(812, 62, 1)
(813, 62, 1)
(814, 62, 1)
(815, 62, 1)
(816, 62, 1)
(817, 62, 1)
(818, 62, 1)
(819, 62, 1)
(820, 62, 1)
(821, 62, 1)
(822, 62, 1)
(823, 62, 1)
[['i', 'i', 'i', 'i', 'i', 'i', 'i', 'i', 'i', 'i'], ['i', 'b', 'd', 'd', 'b', 'g', 'b', 'g', 'b', 'i'], ['i', 'b', 'g', 'd', 'b', 'g', 'b', 'g', 'g', 'i'], ['i', 'b', 'g', 'h', 'b', 'b', 'b', 'b', 'h', 'i'], ['i', 'd', 'd', 'b', 'g', 'd', 'd', 'b', 'b', 'i'], ['i', 'h', 'h', 'd', 'b', 'd', 'd', 'b', 'b', 'i'], ['i', 'b', 'g', 'h', 'd', 'd', 'b', 'b', 'g', 'i'], ['i', 'd', 'b', 'd', 'b', 'g', 'b', 'd', 'b', 'i'], ['i', 'h', 'd', 'd', 'd', 'd', 'd', 'd', 's', 'i'], ['i', 'i', 'i', 'i', 'i', 'i', 'i', 'i', 'i', 'i']]