(0, 9, 10)
(1, 9, 10)
(2, 11, 10)
(3, 11, 10)
(4, 11, 10)
(5, 11, 10)
(6, 11, 10)
(7, 11, 10)
(8, 11, 10)
(9, 11, 10)
(10, 15, 10)
(11, 15, 10)
(12, 18, 10)
(13, 18, 10)
(14, 18, 10)
(15, 18, 10)
(16, 18, 10)
(17, 18, 10)
(18, 18, 10)
(19, 26, 10)
(20, 26, 10)
(21, 26, 10)
(22, 26, 10)
(23, 26, 10)
(24, 26, 10)
(25, 26, 10)
(26, 27, 10)
(27, 27, 10)
(28, 27, 10)
(29, 27, 10)
(30, 27, 10)
(31, 27, 10)
(32, 27, 10)
(33, 29, 10)
(34, 29, 10)
(35, 32, 10)
(36, 32, 10)
(37, 41, 10)
(38, 41, 10)
(39, 42, 10)
(40, 44, 10)
(41, 44, 10)
(42, 44, 10)
(43, 44, 10)
(44, 44, 10)
(45, 44, 10)
(46, 44, 10)
(47, 44, 10)
(48, 49, 10)
(49, 49, 10)
(50, 49, 10)
(51, 50, 10)
(52, 50, 10)
(53, 50, 10)
(54, 50, 10)
(55, 50, 10)
(56, 51, 10)
(57, 51, 10)
(58, 51, 10)
(59, 51, 10)
(60, 51, 10)
(61, 51, 10)
(62, 51, 10)
(63, 51, 10)
(64, 51, 10)
(65, 51, 10)
(66, 51, 10)
(67, 51, 10)
(68, 51, 10)
(69, 51, 10)
(70, 51, 10)
(71, 51, 10)
(72, 51, 10)
(73, 51, 10)
(74, 51, 10)
(75, 51, 10)
(76, 51, 10)
(77, 51, 10)
(78, 51, 10)
(79, 51, 10)
(80, 51, 10)
(81, 51, 10)
(82, 51, 10)
(83, 51, 10)
(84, 51, 10)
(85, 51, 10)
(86, 51, 10)
(87, 51, 10)
(88, 51, 10)
(89, 51, 10)
(90, 51, 10)
(91, 51, 10)
(92, 51, 10)
(93, 51, 10)
(94, 51, 10)
(95, 51, 10)
(96, 51, 10)
(97, 51, 10)
(98, 51, 10)
(99, 51, 10)
(100, 51, 10)
(101, 51, 10)
(102, 51, 10)
(103, 51, 10)
(104, 51, 10)
(105, 51, 10)
(106, 51, 10)
(107, 51, 10)
(108, 51, 10)
(109, 51, 10)
(110, 51, 10)
(111, 51, 10)
(112, 51, 10)
(113, 51, 10)
(114, 51, 10)
(115, 51, 10)
(116, 51, 10)
(117, 51, 10)
(118, 51, 10)
(119, 51, 10)
(120, 51, 10)
(121, 51, 10)
(122, 51, 10)
(123, 51, 10)
(124, 51, 10)
(125, 51, 10)
(126, 51, 10)
(127, 51, 10)
(128, 51, 10)
(129, 51, 10)
(130, 51, 10)
(131, 51, 10)
(132, 51, 10)
(133, 51, 10)
(134, 51, 10)
(135, 51, 10)
(136, 51, 10)
(137, 51, 10)
(138, 51, 10)
(139, 51, 10)
(140, 51, 10)
(141, 51, 10)
(142, 51, 10)
(143, 51, 10)
(144, 51, 10)
(145, 51, 10)
(146, 51, 10)
(147, 51, 10)
(148, 51, 10)
(149, 51, 10)
(150, 51, 10)
(151, 51, 10)
(152, 51, 10)
(153, 51, 10)
(154, 51, 10)
(155, 51, 10)
(156, 51, 10)
(157, 51, 10)
(158, 51, 10)
(159, 51, 10)
(160, 51, 10)
(161, 51, 10)
(162, 51, 10)
(163, 51, 10)
(164, 51, 10)
(165, 51, 10)
(166, 51, 10)
(167, 51, 10)
(168, 51, 10)
(169, 51, 10)
(170, 51, 10)
(171, 51, 10)
(172, 51, 10)
(173, 51, 10)
(174, 51, 10)
(175, 51, 10)
(176, 51, 10)
(177, 51, 10)
(178, 51, 10)
(179, 51, 10)
(180, 51, 10)
(181, 51, 10)
(182, 51, 10)
(183, 51, 10)
(184, 51, 10)
(185, 51, 10)
(186, 51, 10)
(187, 51, 10)
(188, 51, 10)
(189, 51, 10)
(190, 51, 10)
(191, 51, 10)
(192, 51, 10)
(193, 51, 10)
(194, 51, 10)
(195, 51, 10)
(196, 51, 10)
(197, 51, 10)
(198, 51, 10)
(199, 51, 10)
(200, 51, 10)
(201, 51, 10)
(202, 51, 10)
(203, 51, 10)
(204, 51, 10)
(205, 51, 10)
(206, 51, 10)
(207, 51, 10)
(208, 51, 10)
(209, 51, 10)
(210, 51, 10)
(211, 51, 10)
(212, 51, 10)
(213, 51, 10)
(214, 52, 10)
(215, 52, 10)
(216, 52, 10)
(217, 52, 10)
(218, 52, 10)
(219, 52, 10)
(220, 52, 10)
(221, 52, 10)
(222, 52, 10)
(223, 52, 10)
(224, 52, 10)
(225, 52, 10)
(226, 52, 10)
(227, 52, 10)
(228, 52, 10)
(229, 52, 10)
(230, 52, 10)
(231, 52, 10)
(232, 52, 10)
(233, 52, 10)
(234, 52, 10)
(235, 52, 10)
(236, 53, 10)
(237, 53, 10)
(238, 53, 10)
(239, 53, 10)
(240, 53, 10)
(241, 53, 10)
(242, 53, 10)
(243, 53, 10)
(244, 53, 10)
(245, 55, 10)
(246, 55, 10)
(247, 55, 10)
(248, 55, 10)
(249, 55, 10)
(250, 55, 10)
(251, 55, 10)
(252, 55, 10)
(253, 55, 10)
(254, 57, 10)
(255, 57, 10)
(256, 57, 10)
(257, 59, 10)
(258, 59, 10)
(259, 59, 10)
(260, 59, 10)
(261, 59, 10)
(262, 59, 10)
(263, 59, 10)
(264, 60, 10)
(265, 60, 10)
(266, 60, 10)
(267, 60, 10)
(268, 60, 10)
(269, 61, 10)
(270, 61, 10)
(271, 61, 10)
(272, 61, 10)
(273, 61, 10)
(274, 61, 10)
(275, 61, 10)
(276, 61, 10)
(277, 61, 10)
(278, 61, 10)
(279, 61, 10)
(280, 61, 10)
(281, 61, 10)
(282, 61, 10)
(283, 61, 10)
(284, 61, 10)
(285, 61, 10)
(286, 61, 10)
(287, 61, 10)
(288, 62, 10)
(289, 62, 10)
(290, 62, 10)
(291, 62, 10)
(292, 62, 10)
(293, 62, 10)
(294, 62, 10)
(295, 62, 10)
(296, 62, 10)
(297, 62, 10)
(298, 62, 10)
(299, 62, 10)
(300, 62, 10)
(301, 62, 10)
(302, 62, 10)
(303, 62, 10)
(304, 62, 10)
(305, 62, 10)
(306, 62, 10)
(307, 62, 10)
(308, 62, 10)
(309, 62, 10)
(310, 62, 10)
(311, 62, 10)
(312, 62, 10)
(313, 62, 10)
(314, 62, 10)
(315, 62, 10)
(316, 62, 10)
(317, 62, 10)
(318, 62, 10)
(319, 62, 10)
(320, 62, 10)
(321, 62, 10)
(322, 62, 10)
(323, 62, 10)
(324, 62, 10)
(325, 62, 10)
(326, 62, 10)
(327, 62, 10)
(328, 62, 10)
(329, 62, 10)
(330, 62, 10)
(331, 62, 10)
(332, 62, 10)
(333, 62, 10)
(334, 62, 10)
(335, 62, 10)
(336, 62, 10)
(337, 62, 10)
(338, 62, 10)
(339, 62, 10)
(340, 62, 10)
(341, 62, 10)
(342, 62, 10)
(343, 62, 10)
(344, 62, 10)
(345, 62, 10)
(346, 62, 10)
(347, 62, 10)
(348, 62, 10)
(349, 62, 10)
(350, 62, 10)
(351, 62, 10)
(352, 62, 10)
(353, 62, 10)
(354, 62, 10)
(355, 62, 10)
(356, 62, 10)
(357, 62, 10)
(358, 62, 10)
(359, 62, 10)
(360, 62, 10)
(361, 62, 10)
(362, 62, 10)
(363, 62, 10)
(364, 62, 10)
(365, 62, 10)
(366, 62, 10)
(367, 62, 10)
(368, 62, 10)
(369, 62, 10)
(370, 62, 10)
(371, 62, 10)
(372, 62, 10)
(373, 62, 10)
(374, 62, 10)
(375, 62, 10)
(376, 62, 10)
(377, 62, 10)
(378, 62, 10)
(379, 62, 10)
(380, 62, 10)
(381, 62, 10)
(382, 62, 10)
(383, 62, 10)
(384, 62, 10)
(385, 62, 10)
(386, 62, 10)
(387, 62, 10)
(388, 62, 10)
(389, 62, 10)
(390, 62, 10)
(391, 62, 10)
(392, 62, 10)
(393, 62, 10)
(394, 62, 10)
(395, 62, 10)
(396, 62, 10)
(397, 62, 10)
(398, 62, 10)
(399, 62, 10)
(400, 62, 10)
(401, 62, 10)
(402, 62, 10)
(403, 62, 10)
(404, 62, 10)
(405, 62, 10)
(406, 62, 10)
(407, 62, 10)
(408, 62, 10)
(409, 62, 10)
(410, 62, 10)
(411, 62, 10)
(412, 62, 10)
(413, 62, 10)
(414, 62, 10)
(415, 62, 10)
(416, 62, 10)
(417, 62, 10)
(418, 62, 10)
(419, 62, 10)
(420, 62, 10)
(421, 62, 10)
(422, 62, 10)
(423, 62, 10)
(424, 62, 10)
(425, 62, 10)
(426, 62, 10)
(427, 62, 10)
(428, 62, 10)
(429, 62, 10)
(430, 62, 10)
(431, 62, 10)
(432, 62, 10)
(433, 62, 10)
(434, 62, 10)
(435, 62, 10)
(436, 62, 10)
(437, 62, 10)
(438, 62, 10)
(439, 62, 10)
(440, 62, 10)
(441, 62, 10)
(442, 62, 10)
(443, 62, 10)
(444, 62, 10)
(445, 62, 10)
(446, 62, 10)
(447, 62, 10)
(448, 62, 10)
(449, 62, 10)
(450, 62, 10)
(451, 62, 10)
(452, 62, 10)
(453, 62, 10)
(453, 62, 10)
(454, 62, 10)
(455, 62, 10)
(456, 62, 10)
(457, 62, 10)
(458, 62, 10)
(459, 62, 10)
(460, 62, 10)
(461, 62, 10)
(462, 62, 10)
(463, 62, 10)
(464, 62, 10)
(465, 62, 10)
(466, 62, 10)
(467, 62, 10)
(468, 62, 10)
(469, 62, 10)
(470, 62, 10)
(471, 62, 10)
(472, 62, 10)
(473, 62, 10)
(474, 62, 10)
(475, 62, 10)
(476, 62, 10)
(477, 62, 10)
(478, 62, 10)
(479, 62, 10)
(480, 62, 10)
(481, 62, 10)
(482, 62, 10)
(483, 62, 10)
(484, 62, 10)
(485, 62, 10)
(486, 62, 10)
(487, 62, 10)
(488, 62, 10)
(489, 62, 10)
(490, 62, 10)
(491, 62, 10)
(492, 62, 10)
(493, 62, 10)
(494, 62, 10)
(495, 62, 10)
(496, 62, 10)
(497, 62, 10)
(498, 62, 10)
(499, 62, 10)
(500, 62, 10)
(501, 62, 10)
(502, 62, 10)
(503, 62, 10)
(504, 62, 10)
(505, 62, 10)
(506, 62, 10)
(507, 62, 10)
(508, 62, 10)
(509, 62, 10)
(510, 62, 10)
(511, 62, 10)
(512, 62, 10)
(513, 62, 10)
(514, 62, 10)
(515, 62, 10)
(516, 62, 10)
(517, 62, 10)
(518, 62, 10)
(519, 62, 10)
(520, 62, 10)
(521, 62, 10)
(522, 62, 10)
(523, 62, 10)
(524, 62, 10)
(525, 62, 10)
(526, 62, 10)
(527, 62, 10)
(528, 62, 10)
(529, 62, 10)
(530, 62, 10)
(531, 62, 10)
(532, 62, 10)
(533, 62, 10)
(534, 62, 10)
(535, 62, 10)
(536, 62, 10)
(537, 62, 10)
(538, 62, 10)
(539, 62, 10)
(540, 62, 10)
(541, 62, 10)
(542, 62, 10)
(543, 62, 10)
(544, 62, 10)
(545, 62, 10)
(546, 62, 10)
